	sp1	sp2	sp3	sp4	sp5	sp6	sp7	sp8	sp9	sp10	sp11	sp12	sp13	sp14	sp15	sp16	sp17	sp18	sp19	sp20	sp21	sp22	sp23	sp24	sp25	sp26	sp27	sp28	sp29	sp30	sp31	sp32	sp33	sp34	sp35	sp36	sp37	sp38	sp39	sp40	sp41	sp42	sp43	sp44	sp45	sp46	sp47	sp48	sp49	sp50	sp51	sp52	sp53	sp54	sp55	sp56	sp57	sp58	sp59	sp60	sp61	sp62	sp63	sp64	sp65	sp66	sp67	sp68	sp69	sp70	sp71	sp72	sp73	sp74	sp75	sp76	sp77	sp78	sp79	sp80
ponto1	0	0	1	0	0	0	0.5	0	0	0	0	0	0	0	0	0	0	0	0	0	0	0	0	0	0	1	0	0	0	0	0	1	0	0	0	0	0	0	0	0	0	0	0	0.5	0	0	0	0	0	0	0	0	0	0	0	0.5	0	0	0	0	0	0	0	0	0	0	0	0	0	0	0	0	0	0	0	0	0	0	0	0.5
ponto2	0	0.5	0.5	0	0	0	0	0	0	0	0	0	0	0	2	0.5	0	0	0	0	0	0.5	0	0	0	0.5	0	0	0	0	0	0	0	0	0	0	0	0	0	0	0	0	0	0.5	0	0	0	0	0	0	0	0	0	0	0	0	0	0	0	0	0	0	0.5	0	0	0	0	0	0	0	0	0	0	0	0	0	0	0	0	0
ponto3	0	0	1	0	0	0	0.5	0	0	0	0	0	0	0	1	0.5	0	0	0	0	0.5	0.5	0	0	0	0.5	0	0	0	0	0	0.5	0	0	0	0	0	0	0	0	0	0	0	0.5	0	0	0	0	0	0	0	0	0	0	0	0	0	0	0	0	0	0	0.5	0	0	0	0	0	0	0	0	0	0	0	0	0	0	0	0	0
ponto4	0	0.5	1	0	0	0	0.5	0	0	0	0	0	0	0	0	0	0	0	0	0	0	0	0	0	0	0.5	0	0	0	0	0	1	0	0	0	0	0	0	0	0	0	0	0	0.5	0	0	0	0	0	0	0	0	0	0	0	0	0	0	0	0	0	0	0	0	0	0	0	0	0	0	0	0	0	0	0	0	0	0	0	0
ponto5	0	0	4	0	0	0	0.5	0	0	0	0	0	0	0	1	0.5	0	0.5	0	0	0	0	0	0	0	0.5	0	0	0	0	0	0.5	0	0	0	0	0	0	0	0	0	0	0	1	0	0	0	0	0	0	0	0	0	0	0	0	0	0	0	0	0	0	0	0	0	0	0	0	0	0	0	0	0	0	0	0	0	0	0	0.5
ponto6	0	0.5	1	0	0	0	1	0	0	0	0	0	0	0	0.5	0.5	0	0.5	0	0	0	0	0	0	0	0.5	0	0	0	0	0	1	0	0	0	0	0	0	0	0	0	0	0	0.5	0	0	0	0	0	0	0	0	0	0	0	0	0	0	0	0	0	0	0	0	0	0	0	0	0	0	0	0	0	0	0	0	0	0	0	0
ponto7	0	0	4	0	0	0	1	0	0	0	0	0	0	0	0	0.5	0	0.5	0	0	0	0	0	0	0	0.5	0	0	0	0	0	0.5	0	0	0	0	0	0	0	0	0	0	0	0.5	0	0	0	0	0	0	0	0	0	0	0	0	0	0	0	0	0	0	0	0	0	0	0	0	0	0	0	0	0	0	0	0	0	0	0	0.5
ponto8	0	0	2	0	0	0	0	0	0	0	0	0	0	0	0.5	0.5	0	0	0	0	0	0	0	0	0	0.5	0	0	0	0	0	0	0	0	0	0	0	0	0	0	0	0	0	0.5	0	0	0	0	0	0	0	0	0	0	0	0	0	0	0	0	0	0	0	0	0	0	0	0	0	0	0	0	0	0	0	0	0	0	0	0.5
ponto9	0	0	0	0	0	0	0	0	0	0	0	0	0	0	0.5	0.5	0	0	0	0	0	0	0	0	0	0.5	0	0	0	0	0	1	0	0	0	0	0	0	0	0	0	0	0	0.5	0	0	0	0	0	0	0	0	0	0	0	0	0	0	0	0	0	0	0	0	0	0	0	0	0	0	0	0	0	0	0	0	0	0	0	0.5
ponto10	0	0	5	0	0	0	0.5	0	0	0	0	0	0	0	0	0	0	1	0	0	0	0	0	0	0	0.5	0	0	0	0	0	0.5	0	0	0	0	0	0	0	0	0	0	0	0.5	0	0	0	0	0	0	0	0	0	0	0	0	0	0	0.5	0	0	0	0	0	0	0	0	0	0	0	0	0	0	0	0	0.5	0	0	0	0
ponto11	0	0	2	0	0	0	0.5	0.5	0	0	0	0	0	0	0	0.5	0	1	0	0	0.5	0	0	0	0	0.5	0	0	0	0	0	1	0	0	0	0	0	0	0	0	0	0	0	0.5	0	0	0	0	0	0	0	0	0	0	0	0	0	0	0	0	0.5	0	0.5	0	0	0	0.5	0	0	0	0	0	0	0	0	0	0	0	0	0
ponto12	0	0	2	0.5	0	0	0.5	0	0	0	0	0	0	0	0	0.5	0	0	0	0	0	0	0	0	0	0.5	0	0	0	0	0	0	0	0	0	0	0	0	0	0	0	0	0	0.5	0	0	0	0	0	0	0	0	0	0	0	0	0	0	0	0	0	0	0.5	0	0	0	0	0	0	0	0	0	0	0	0	0.5	0	0	0	0
ponto13	0	0	0.5	0	0	0	0.5	0	0	0	0	0	0	0	0	0.5	0	0	0	0	0.5	0	0	0	0	0.5	0	0	0	0	0	0.5	0	0	0	0	0	0	0	0	0	0	0	0.5	0	0	0	0	0	0	0	0	0	0	0	0	0	0	0	0	0	0	0	0	0	0	0	0	0	0	0	0	0	0	0	0	0	0	0	0.5
ponto14	0	0	3	0	0	0	0.5	0	0	0	0	0	0	0	0	0.5	0	0	0	0	0	0	0	0	0	0.5	0	0	0	0	0	0.5	0	0	0	0	0	0	0	0	0	0	0	0.5	0	0	0	0	0	0	0	0	0	0	0	0	0	0	0	0	0	0	0	0	0	0	0	0	0	0	0	0	0	0	0	0	0	0	0	0
ponto15	0	0.5	4	0	0	0	0.5	0	0	0	0	0	0	0	0.5	0.5	0	1	0	0	0	0	0	0	0	0.5	0	0	0	0	0	0.5	0	0	0	0	0	0	0	0	0	0	0	0.5	0	0	0	0	0	0	0	0	0	0	0	0	0	0	0	0	0	0	0	0	0	0	0	0	0	0	0	0	0	0	0	0	0	0	0.5	0.5
ponto16	0	0	1	0	0	0	0.5	0	0	0	0	0	0	0	0	0.5	0	0	0	0	0	0	0	0	0	0.5	0	0	0	0	0	1	0	0	0	0	0	0	0	0	0	0	0	0.5	0	0	0	0	0	0	0	0	0	0	0	0	0	0	0	0	0	0	0	0	0	0	0	0	0	0	0	0	0	0	0	0	0	0	0	0
ponto17	0	2	4	0	0	0	0.5	0	0.5	0	0	0	0	0	0	0	0	0	0	0	0	0	0	0	0	0.5	0	0	0	0	0	0.5	0	0	0	0	0	0	0	0	0	0	0	0.5	0	0	0	0	0	0	0	0	0	0	0	0	0	0	0	0	0	0	0	0	0	0	0	0	0	0	0	0	0	0	0	0	0	0	0	0
ponto18	0	0.5	4	0	0	0	0	0	1	0	0	0	0	0	0	0	0	0	3	0	0	0	0	0	0	0.5	0	0	0	0	0	0.5	0	0	0	0	0	0	0	0	0	0	0	0.5	0	0	0	0	0	0	0	0	0	0	0	0	0	0	0	0	0	0	0	0	0	0	0	0	0	0	0	0	0	0	0	0	0	0	0	0
ponto19	0	0.5	5	0	0	0	0.5	0	0.5	0	0	0	0	0	0	0	0	0.5	2	0	0	0	0.5	0	0	0.5	0	0	0	0	0	0.5	0	0	0	0	0	0	0	0	0	0	0	0.5	0	0	0	0	0	0	0	0	0	0	0	0	0	0	0	0	0	0	0	0	0	0	0	0	0	0	0	0	0	0	0	0	0	0	0	0
ponto20	0	0.5	5	0	0	0	0.5	1	0.5	0	0	0	0	0	0	0	0	0	2	0	0	0	0	0	0	0.5	0	0	0	0	0	0	0	0	0	0	0	0	0	0	0	0	0	0.5	0	0	0	0	0	0	0	0	0	0	0	0	0	0	0	0	0	0	0	0	0	0	0	0	0	0	0	0	0	0	0	0	0	0	0	0
ponto21	0	0	3	0	0	0	1	0	0	0	0	0	0	0	0	0.5	0	0.5	0	0	0	0	0	0	0	0.5	0	0	0	0	0	0.5	0	0	0	0	0	0	0	0	0	0	0	0.5	0	0	0	0	0	0	0	0	0	0	0	0	0	0	0	0	0	0	0.5	0	0	0	0	0	0	0	0	0	0.5	0	0	0.5	0	0	0	0
ponto22	0	0	0.5	0	0	0	0	0	0	0	0	0	0	0	0	0	0	0	0.5	0	0	0	0	0	0	0.5	0	0	0	0	0	0.5	0	0	0	0	0	0	0	0	0	0	0	0	0	0	0	0	0	0	0	0	0	0	0	0	0	0	0	0	0	0	0	0	0	0	0	0	0	0	0	0	0	0	0	0.5	0	0	0	0
ponto23	0	0	0.5	0	0	0	0.5	0	0	0	0	0	0	0	0	0.5	0	2	0	0	0.5	0	0	0	0	0.5	0	0	0	0	0	0	0	0	1	0	0	0	0	0	0	0	0	0	0	0	0	0	0	0	0	0	0	0	0	0	0	0	0	0	0	0	0	0	0	0	0	0	0	0	0	0	0	0	0	0.5	0	0	0	0
ponto24	0	0	3	0	0	0	0.5	0	0	0	0	0	0	0	0.5	0	0	0.5	0	0	0	0	0	0	0	1	0	0	0	0	0	0.5	0	0	0	0	0	0	0	0	0	0	0	0.5	0	0	0	0	0	0	0	0	0	0	0	0	0	0	0	0	0	0	0.5	0	0	0	0	0	0	0	0	0	0	0	0	0.5	0	0	0	0.5
ponto25	0	0	4	0	0	0	0.5	0	0	0	0	0	0	0	1	0.5	0	1	0.5	0	0.5	0	0	0	0	0.5	0	0	0	0	0	0.5	0	0	0	0	0	0	0	0	0	0	0	0.5	0	0	0	0	0	0	0	0	0	0	0	0	0	0	0	0	0	0	0.5	0	0	0	0	0	0	0	0	0	0	0	0	0	0	0	0.5	0
ponto26	0	0.5	1	0	0	0	0.5	0	0	0	0	0	0	0	3	0.5	0	0	0	0	0.5	0	0	0	0	1	0	0	0	0	0	0.5	0	0	0	0	0	0	0	0	0	0	0	0	0	0	0	0	0	0	0	0	0	0	0	0	0	0	0	0	0	0	0	0	0	0	0	0	0	0	0	0	0	0	0	0.5	0	0	0	0.5
ponto27	0	0	4	0	0	0	0.5	0	0	0	0	0	0	0	1	0	0	0.5	0	0	0.5	0	0	0	0	0.5	0	0	0	0	0	0	0	0	0.5	0	0	0	0	0	0	0	0	0.5	0	0	0	0	0	0	0	0	0	0	0	0	0	0	0	0	0	0	0	0	0	0	0	0	0	0	0	0	0	0	0	0.5	0	0	0.5	0
ponto28	0	0	3	0	0	0	0.5	0	0	0	0	0	0	0	0.5	0	0	1	0	0	0	0	0.5	0	0	0.5	0	0	0	0	0	0.5	0	0	0	0	0	0	0	0	0	0	0	0.5	0	0	0	0	0	0	0	0	0	0	0	0	0	0	0	0	0	0	0	0	0	0	0	0	0	0	0	0	0	0	0	0.5	0	0	0	0
ponto29	0	0.5	0	0	0	0	0	0	0	0	0	0	0	0	0	0.5	0	0	0	0	0	0	0	0	0	0.5	0	0	0	0	0	0.5	0	0	0	0	0	0	0	0	0	0	0	0.5	0	0	0	0	0	0	0	0	0	0	0	0	0	0	0	0	0	0	0	0	0	0	0	0	0	0	0	0	0	0	0	0	0	0	0	0
ponto30	0	0.5	0.5	0	0	0	0.5	0	0	0	0	0	0	0	0.5	0.5	0	0	0	0	0.5	0	0	0	0	0.5	0	0	0	0	0	0.5	0	0	0	0	0	0	0	0	0	0	0	0.5	0	0	0	0	0	0	0	0	0	0	0	0	0	0	0	0	0	0	0	0	0	0	0	0	0	0	0	0	0	0	0	0	0	0	0	0
ponto31	0	0	3	0	0	0	0.5	0	0	0	0	0	0	0	0	0.5	0	0.5	0	0	0.5	0	0	0	0	0.5	0	0	0	0	0	0.5	0	0.5	0	0	0	0	0	0	0	0	0	0.5	0	0	0	0	0	0	0	0	0	0	0	0	0	0	0	0	0	0	0.5	0	0	0	0	0.5	0	0	0	0	0	0	0	0	0	0	0	0.5
ponto32	0	0	0	0	0	0	0	0	0	0	0	0	0	0	0.5	0.5	0	0	0	0	0.5	0	0	0	0	0.5	0	0	0	0	0	1	0	0	0	0	0	0	0	0	0	0	0	0.5	0	0	0	0	0	0	0	0	0	0	0	0	0	0	0	0	0	0	0	0	0	0	0	0	0	0	0	0	0	0	0	0	0	0	0	0.5
ponto33	0	0	3	0	0	0	1	0	0	0	0	0	0	0	0.5	0	0	0.5	0	0	0.5	0	0	0	0	0.5	0	0	0	0	0	0	0	0.5	0	0	0	0	0	0	0	0	0	0.5	0	0	0	0	0	0	0	0	0	0	0	0	0	0	0	0	0	0	0.5	0	0	0	0	0	0	0	0	0	0	0	0	0	0	0	0	0
ponto34	0	0.5	0.5	0	0	0	0.5	0	0	0	0	0	0	0	0.5	0.5	0	0.5	0	0	0	0	0.5	0	0	1	0	0	0	0	0	1	0	0	0.5	0	0	0	0	0	0	0	0	0.5	0	0	0	0	0	0	0	0	0	0	0	0	0	0	0	0	0	0	0	0	0	0	0	0	0	0	0	0	0.5	0	0	0	0	0	0.5	0
ponto35	0	0	0.5	0	0	0	0.5	0	0	0	0	0	0	0	2	0	0	0	0	0	0	0	0	0	0	0.5	0	0	0	0	0	0.5	0	0	0	0	0	0	0	0	0	0	0	0.5	0	0	0	0	0	0	0	0	0	0	0	0	0	0	0	0	0	0	0.5	0	0	0	0	0.5	0	0	0	0	0	0	0	0	0	0	0	0.5
ponto36	0	0	3	0	0	0	0	0	0	0	0	0	0	0	0.5	0	0	1	0	0	0.5	0	0	0	0	1	0	0	0	0	0	0	0	0	0.5	0	0	0	0	0	0	0	0	0.5	0	0	0	0	0	0	0	0	0	0	0	0	0	0	0	0	0	0	0.5	0	0	0	0	0	0	0	0	0	0	0	0	0.5	0	0	0	0
ponto37	0	0	3	0	0	0	0.5	0	0.5	0	0	0	0	0	0	0	0	0.5	3	0	0	0	0	0	0	0.5	0	0	0	0	0	0.5	0	0.5	0	0	0	0	0	0	0	0	0	0.5	0	0	0	0	0	0	0	0	0	0	0	0	0	0	0	0	0	0	0	0	0	0	0	0	0	0	0	0	0	0	0	0.5	0	0	0	0
ponto38	0	0.5	2	0	0	0	0.5	0.5	1	0	0	0	0	0	0	0	0	0.5	1	0	0	0	0.5	0	0	0.5	0	0	0	0	0	0	0	0	0	0	0	0	0	0	0	0	0	0	0	0	0	0	0	0	0	0	0	0	0	0	0	0	0	0	0	0	0	0	0	0	0	0	0	0	0	0	0	0	0	0	0	0	0	0
ponto39	0	0.5	0	0	0	0	0.5	0	0	0	0	0	0	0	1	0.5	0	0	0	0	0.5	0	0	0	0	0.5	0	0	0	0	0	0.5	0	0	0	0	0	0	0	0	0	0.5	0	0.5	0	0.5	0	0	0.5	0	0	0	0	0.5	0	0	0	0	0.5	0	0	0	0.5	0	0.5	0	0	0	0	0	0	0	0	0	0	0	0	0	0	0.5
ponto40	0	0	4	0	0	0	1	0	0	0	0	0	0	0	0	0	0	0.5	0	0	0	0	0	0	0	0.5	0	0	0	0	0	0.5	0	0.5	0.5	0	0	0	0	0	0	0	0	0.5	0	0	0	0	0	0	0	0	0	0	0	0	0	0	0	0	0	0	0	0	0	0	0	0	0	0	0	0	0	0	0	0	0	0	0	0
ponto41	0	0	0	0	0	0	0.5	0	0	0	0	0	0	0	0	0	0	2	0	0	0	0	0	0	0	0	0	0	0	0	0	0	0	0	0.5	0	0	0	0	0	0	0	0	0.5	0	0	0	0	0	0	0	0	0	0	0	0	0	0	0	0	0	0	0	0	0	0	0	0	0	0	0	0	0	0	0	0	0	0	0	0
ponto42	0	0.5	3	0	0	0	0.5	0	0.5	0	0	0	0	0	0	0	0	1	0	0	0	0	0	0	0	0.5	0	0	0	0	0	0.5	0	0	0	0	0	0	0	0	0	0	0	0.5	0	0	0	0	0	0	0	0	0	0	0	0	0	0	0	0	0	0	0	0	0	0	0	0	0	0	0	0	0	0	0	0	0	0	0.5	0.5
ponto43	0	0	3	0	0	0	0.5	0	0	0	0	0	0	0	0.5	0.5	0.5	0.5	0	0	0.5	0	0	0	0	0.5	0	0	0	0	0	0.5	0	0	0	0	0	0	0	0	0	0	0	0.5	0	0	0	0	0	0	0	0	0	0	0	0	0	0	0	0	0	0	0	0	0	0	0	0	0	0	0	0	0	0	0	0	0	0	0.5	0
ponto44	0	0	4	0	0	0	0.5	0	0	0	0	0	0	0	0	0	0	1	0	0	0	0	0	0	0	0.5	0	0	0	0	0	0	0	0	0	0	0	0	0	0	0	0	0	0.5	0	0	0	0	0	0	0	0	0	0	0	0	0	0	0	0	0	0	0	0	0	0	0	0.5	0	0	0	0	0	0	0	0.5	0	0	0.5	0
ponto45	0	0	4	0	0	0	0.5	0	0	0	0	0	0	0	0.5	0.5	0	0.5	0	0	0	0	0.5	0	0	0.5	0	0	0	0	0	0.5	0	0	0	0	0	0	0	0	0	0	0	0.5	0	0	0	0	0	0	0	0	0	0	0	0	0	0	0	0	0	0	0	0	0	0	0	0	0	0	0	0	0	0	0	0.5	0	0	0	0
ponto46	0	0	0.5	0	0	0	1	0	0	0	0	0	0	0	0	0	0	1	0	0	0.5	0	0	0	0	0.5	0	0	0	0	0	0.5	0	0	0	0	0	0	0	0	0	0	0	0.5	0	0	0	0	0	0	0	0	0	0	0	0	0	0	0	0	0	0	0.5	0	0	0	0	0	0	0	0	0	0	0	0	0	0	0	0	0
ponto47	0	0.5	4	0	0	0	0.5	0	0	0	0	0	0	0	0.5	0.5	0	0.5	0	0	0.5	0	0	0	0	0.5	0	0	0	0	0	0.5	0	0	0	0	0	0	0	0	0	0	0	0.5	0	0	0	0	0	0	0	0	0	0	0	0	0	0	0	0	0	0	0.5	0	0	0	0	0	0	0	0	0	0	0	0	0	0	0	0	0.5
ponto48	0	0	1	0	0	0	0	0	0	0	0	0	0	0	0.5	0.5	0	0	0	0	0.5	0	0	0	0	1	0	0	0	0	0	1	0	0.5	0	0	0	0	0	0	0	0	0	0.5	0	0	0	0	0	0	0	0	0	0	0	0	0	0	0	0	0	0	0.5	0	0	0	0	0	0	0	0	0	0.5	0	0	0	0	0	0	0.5
ponto49	0	0	4	0	0	0	1	0	0	0	0	0	0	0	0.5	0.5	0	0.5	0	0	0.5	0	0	0	0	0.5	0	0	0	0	0	0.5	0	0	0	0	0	0	0	0	0	0	0	0.5	0	0	0	0	0	0	0	0	0	0	0	0	0	0	0	0	0	0	0	0	0	0	0	0	0	0	0	0	0	0	0	0	0	0	0.5	0.5
ponto50	0	0	5	0	0	0	1	0	0	0	0	0	0	0	0	0.5	0	0.5	0	0	0	0	0	0	0	0.5	0	0	0	0	0	0.5	0	0	0	0	0	0	0	0	0	0	0	0.5	0	0	0	0	0	0	0	0	0	0	0	0	0	0	0	0	0	0	0	0	0	0	0	0	0	0	0	0	0	0	0	0.5	0	0	0	0
