     Angle, Det1Disc1,
         5,       126,
      5.05,        92,
       5.1,       104,
      5.15,        97,
       5.2,        94,
      5.25,       110,
       5.3,       106,
      5.35,        96,
       5.4,        94,
      5.45,        98,
       5.5,       103,
      5.55,       103,
       5.6,       106,
      5.65,        97,
       5.7,       100,
      5.75,        85,
       5.8,        88,
      5.85,        89,
       5.9,        89,
      5.95,       112,
         6,        84,
      6.05,        85,
       6.1,        98,
      6.15,        92,
       6.2,        87,
      6.25,       104,
       6.3,        84,
      6.35,        92,
       6.4,        73,
      6.45,       108,
       6.5,        99,
      6.55,        89,
       6.6,       103,
      6.65,        95,
       6.7,        97,
      6.75,       104,
       6.8,        98,
      6.85,        93,
       6.9,        83,
      6.95,        93,
         7,        91,
      7.05,        85,
       7.1,        91,
      7.15,       101,
       7.2,        95,
      7.25,        92,
       7.3,       100,
      7.35,        84,
       7.4,       110,
      7.45,        91,
       7.5,        95,
      7.55,       103,
       7.6,        84,
      7.65,        87,
       7.7,        92,
      7.75,        98,
       7.8,        83,
      7.85,        93,
       7.9,       101,
      7.95,        84,
         8,       101,
      8.05,        77,
       8.1,        99,
      8.15,        93,
       8.2,        92,
      8.25,        96,
       8.3,        91,
      8.35,        92,
       8.4,        99,
      8.45,       107,
       8.5,        95,
      8.55,        91,
       8.6,        90,
      8.65,        87,
       8.7,        75,
      8.75,        92,
       8.8,        94,
      8.85,        88,
       8.9,        76,
      8.95,        97,
         9,        83,
      9.05,        85,
       9.1,       101,
      9.15,        99,
       9.2,        87,
      9.25,        89,
       9.3,        97,
      9.35,        92,
       9.4,        78,
      9.45,        99,
       9.5,        87,
      9.55,        73,
       9.6,       105,
      9.65,        88,
       9.7,       106,
      9.75,        93,
       9.8,        74,
      9.85,       103,
       9.9,        90,
      9.95,        81,
        10,        96,
     10.05,       106,
      10.1,        96,
     10.15,        90,
      10.2,        93,
     10.25,        83,
      10.3,        89,
     10.35,        99,
      10.4,        90,
     10.45,       100,
      10.5,        85,
     10.55,        85,
      10.6,       110,
     10.65,       104,
      10.7,       103,
     10.75,       116,
      10.8,       110,
     10.85,       104,
      10.9,       100,
     10.95,        91,
        11,       102,
     11.05,        98,
      11.1,       105,
     11.15,       105,
      11.2,        98,
     11.25,       106,
      11.3,       120,
     11.35,        97,
      11.4,       107,
     11.45,       116,
      11.5,       116,
     11.55,       101,
      11.6,       113,
     11.65,       129,
      11.7,       129,
     11.75,       128,
      11.8,       106,
     11.85,       114,
      11.9,       123,
     11.95,       117,
        12,        97,
     12.05,       130,
      12.1,       140,
     12.15,       127,
      12.2,       138,
     12.25,       129,
      12.3,       131,
     12.35,       130,
      12.4,       129,
     12.45,       133,
      12.5,       123,
     12.55,       137,
      12.6,       136,
     12.65,       132,
      12.7,       141,
     12.75,       149,
      12.8,       133,
     12.85,       131,
      12.9,       161,
     12.95,       118,
        13,       128,
     13.05,       141,
      13.1,       138,
     13.15,       135,
      13.2,       147,
     13.25,       142,
      13.3,       146,
     13.35,       125,
      13.4,       147,
     13.45,       146,
      13.5,       128,
     13.55,       124,
      13.6,       129,
     13.65,       124,
      13.7,       111,
     13.75,       149,
      13.8,       135,
     13.85,       145,
      13.9,       127,
     13.95,       137,
        14,       132,
     14.05,       128,
      14.1,       124,
     14.15,       121,
      14.2,       118,
     14.25,       122,
      14.3,       122,
     14.35,       138,
      14.4,       147,
     14.45,       114,
      14.5,       115,
     14.55,       125,
      14.6,       116,
     14.65,       131,
      14.7,       132,
     14.75,       122,
      14.8,       100,
     14.85,       107,
      14.9,       104,
     14.95,       130,
        15,       133,
     15.05,       108,
      15.1,       112,
     15.15,       117,
      15.2,       103,
     15.25,       120,
      15.3,       105,
     15.35,       116,
      15.4,       106,
     15.45,       106,
      15.5,        98,
     15.55,        99,
      15.6,       124,
     15.65,       111,
      15.7,       111,
     15.75,        92,
      15.8,        96,
     15.85,        92,
      15.9,       112,
     15.95,       118,
        16,       109,
     16.05,        92,
      16.1,        96,
     16.15,        87,
      16.2,       108,
     16.25,        99,
      16.3,       127,
     16.35,        92,
      16.4,        96,
     16.45,        82,
      16.5,        97,
     16.55,        82,
      16.6,        92,
     16.65,        96,
      16.7,        92,
     16.75,       107,
      16.8,        71,
     16.85,        88,
      16.9,        92,
     16.95,        85,
        17,        83,
     17.05,        97,
      17.1,        75,
     17.15,        85,
      17.2,        77,
     17.25,        80,
      17.3,        82,
     17.35,        97,
      17.4,        72,
     17.45,        86,
      17.5,        70,
     17.55,        81,
      17.6,        75,
     17.65,        82,
      17.7,        72,
     17.75,        91,
      17.8,        81,
     17.85,        76,
      17.9,        84,
     17.95,        85,
        18,        59,
     18.05,        73,
      18.1,        80,
     18.15,        72,
      18.2,        57,
     18.25,        74,
      18.3,        80,
     18.35,        64,
      18.4,        71,
     18.45,        76,
      18.5,        66,
     18.55,        62,
      18.6,        72,
     18.65,        69,
      18.7,        72,
     18.75,        65,
      18.8,        72,
     18.85,        65,
      18.9,        62,
     18.95,        69,
        19,        68,
     19.05,        64,
      19.1,        57,
     19.15,        67,
      19.2,        44,
     19.25,        59,
      19.3,        63,
     19.35,        58,
      19.4,        73,
     19.45,        60,
      19.5,        60,
     19.55,        62,
      19.6,        64,
     19.65,        57,
      19.7,        63,
     19.75,        46,
      19.8,        59,
     19.85,        50,
      19.9,        49,
     19.95,        56,
        20,        43,
     20.05,        68,
      20.1,        60,
     20.15,        53,
      20.2,        31,
     20.25,        47,
      20.3,        51,
     20.35,        50,
      20.4,        48,
     20.45,        48,
      20.5,        37,
     20.55,        47,
      20.6,        40,
     20.65,        37,
      20.7,        46,
     20.75,        49,
      20.8,        53,
     20.85,        43,
      20.9,        52,
     20.95,        48,
        21,        53,
     21.05,        50,
      21.1,        57,
     21.15,        42,
      21.2,        31,
     21.25,        39,
      21.3,        37,
     21.35,        48,
      21.4,        52,
     21.45,        41,
      21.5,        43,
     21.55,        47,
      21.6,        47,
     21.65,        42,
      21.7,        46,
     21.75,        31,
      21.8,        41,
     21.85,        36,
      21.9,        46,
     21.95,        39,
        22,        49,
     22.05,        42,
      22.1,        41,
     22.15,        41,
      22.2,        38,
     22.25,        37,
      22.3,        42,
     22.35,        42,
      22.4,        39,
     22.45,        46,
      22.5,        41,
     22.55,        43,
      22.6,        40,
     22.65,        36,
      22.7,        43,
     22.75,        35,
      22.8,        34,
     22.85,        45,
      22.9,        31,
     22.95,        35,
        23,        40,
     23.05,        31,
      23.1,        40,
     23.15,        40,
      23.2,        33,
     23.25,        39,
      23.3,        24,
     23.35,        27,
      23.4,        34,
     23.45,        39,
      23.5,        26,
     23.55,        31,
      23.6,        41,
     23.65,        35,
      23.7,        43,
     23.75,        49,
      23.8,        37,
     23.85,        39,
      23.9,        29,
     23.95,        44,
        24,        33,
     24.05,        30,
      24.1,        35,
     24.15,        36,
      24.2,        37,
     24.25,        33,
      24.3,        46,
     24.35,        40,
      24.4,        35,
     24.45,        40,
      24.5,        42,
     24.55,        41,
      24.6,        41,
     24.65,        49,
      24.7,        39,
     24.75,        38,
      24.8,        41,
     24.85,        54,
      24.9,        81,
     24.95,        60,
        25,        77,
     25.05,        86,
      25.1,       129,
     25.15,       153,
      25.2,       315,
     25.25,       884,
      25.3,      2117,
     25.35,      2774,
      25.4,      1781,
     25.45,       705,
      25.5,       276,
     25.55,       170,
      25.6,       111,
     25.65,        74,
      25.7,        65,
     25.75,        58,
      25.8,        63,
     25.85,        47,
      25.9,        69,
     25.95,        53,
        26,        44,
     26.05,        40,
      26.1,        40,
     26.15,        42,
      26.2,        32,
     26.25,        39,
      26.3,        27,
     26.35,        40,
      26.4,        35,
     26.45,        27,
      26.5,        34,
     26.55,        45,
      26.6,        45,
     26.65,        36,
      26.7,        37,
     26.75,        40,
      26.8,        37,
     26.85,        33,
      26.9,        48,
     26.95,        44,
        27,        30,
     27.05,        37,
      27.1,        29,
     27.15,        38,
      27.2,        40,
     27.25,        46,
      27.3,        40,
     27.35,        33,
      27.4,        44,
     27.45,        58,
      27.5,        44,
     27.55,        51,
      27.6,        44,
     27.65,        35,
      27.7,        34,
     27.75,        44,
      27.8,        36,
     27.85,        41,
      27.9,        39,
     27.95,        36,
        28,        45,
     28.05,        37,
      28.1,        44,
     28.15,        33,
      28.2,        43,
     28.25,        47,
      28.3,        46,
     28.35,        49,
      28.4,        37,
     28.45,        38,
      28.5,        46,
     28.55,        48,
      28.6,        37,
     28.65,        44,
      28.7,        40,
     28.75,        33,
      28.8,        40,
     28.85,        42,
      28.9,        50,
     28.95,        34,
        29,        55,
     29.05,        43,
      29.1,        39,
     29.15,        41,
      29.2,        39,
     29.25,        36,
      29.3,        39,
     29.35,        32,
      29.4,        34,
     29.45,        33,
      29.5,        44,
     29.55,        47,
      29.6,        36,
     29.65,        37,
      29.7,        44,
     29.75,        38,
      29.8,        40,
     29.85,        39,
      29.9,        46,
     29.95,        36,
        30,        33,
     30.05,        50,
      30.1,        50,
     30.15,        38,
      30.2,        43,
     30.25,        31,
      30.3,        39,
     30.35,        43,
      30.4,        41,
     30.45,        44,
      30.5,        42,
     30.55,        34,
      30.6,        33,
     30.65,        48,
      30.7,        42,
     30.75,        28,
      30.8,        40,
     30.85,        36,
      30.9,        34,
     30.95,        45,
        31,        35,
     31.05,        39,
      31.1,        43,
     31.15,        37,
      31.2,        34,
     31.25,        34,
      31.3,        39,
     31.35,        36,
      31.4,        54,
     31.45,        45,
      31.5,        42,
     31.55,        29,
      31.6,        31,
     31.65,        33,
      31.7,        25,
     31.75,        32,
      31.8,        38,
     31.85,        32,
      31.9,        51,
     31.95,        36,
        32,        45,
     32.05,        33,
      32.1,        35,
     32.15,        36,
      32.2,        44,
     32.25,        31,
      32.3,        26,
     32.35,        45,
      32.4,        30,
     32.45,        43,
      32.5,        40,
     32.55,        50,
      32.6,        27,
     32.65,        43,
      32.7,        37,
     32.75,        25,
      32.8,        40,
     32.85,        45,
      32.9,        38,
     32.95,        25,
        33,        25,
     33.05,        30,
      33.1,        41,
     33.15,        35,
      33.2,        37,
     33.25,        34,
      33.3,        38,
     33.35,        31,
      33.4,        41,
     33.45,        44,
      33.5,        31,
     33.55,        42,
      33.6,        38,
     33.65,        37,
      33.7,        38,
     33.75,        30,
      33.8,        37,
     33.85,        39,
      33.9,        30,
     33.95,        31,
        34,        29,
     34.05,        28,
      34.1,        33,
     34.15,        30,
      34.2,        39,
     34.25,        37,
      34.3,        18,
     34.35,        36,
      34.4,        50,
     34.45,        29,
      34.5,        33,
     34.55,        40,
      34.6,        34,
     34.65,        40,
      34.7,        28,
     34.75,        31,
      34.8,        41,
     34.85,        28,
      34.9,        38,
     34.95,        25,
        35,        44,
     35.05,        24,
      35.1,        21,
     35.15,        17,
      35.2,        26,
     35.25,        40,
      35.3,        32,
     35.35,        19,
      35.4,        31,
     35.45,        31,
      35.5,        30,
     35.55,        29,
      35.6,        29,
     35.65,        31,
      35.7,        37,
     35.75,        31,
      35.8,        26,
     35.85,        29,
      35.9,        25,
     35.95,        30,
        36,        29,
     36.05,        30,
      36.1,        34,
     36.15,        38,
      36.2,        32,
     36.25,        24,
      36.3,        32,
     36.35,        21,
      36.4,        31,
     36.45,        29,
      36.5,        25,
     36.55,        35,
      36.6,        33,
     36.65,        29,
      36.7,        29,
     36.75,        30,
      36.8,        44,
     36.85,        60,
      36.9,        88,
     36.95,       131,
        37,       147,
     37.05,       125,
      37.1,        73,
     37.15,        57,
      37.2,        41,
     37.25,        45,
      37.3,        33,
     37.35,        34,
      37.4,        36,
     37.45,        43,
      37.5,        45,
     37.55,        43,
      37.6,        46,
     37.65,        84,
      37.7,       103,
     37.75,       242,
      37.8,       425,
     37.85,       481,
      37.9,       366,
     37.95,       229,
        38,       126,
     38.05,        77,
      38.1,        44,
     38.15,        40,
      38.2,        40,
     38.25,        39,
      38.3,        37,
     38.35,        38,
      38.4,        40,
     38.45,        46,
      38.5,        54,
     38.55,       120,
      38.6,       168,
     38.65,       150,
      38.7,       111,
     38.75,        80,
      38.8,        44,
     38.85,        45,
      38.9,        35,
     38.95,        25,
        39,        30,
     39.05,        21,
      39.1,        29,
     39.15,        30,
      39.2,        36,
     39.25,        32,
      39.3,        31,
     39.35,        27,
      39.4,        28,
     39.45,        29,
      39.5,        22,
     39.55,        22,
      39.6,        25,
     39.65,        25,
      39.7,        23,
     39.75,        27,
      39.8,        30,
     39.85,        24,
      39.9,        30,
     39.95,        23,
        40,        25,
     40.05,        21,
      40.1,        22,
     40.15,        34,
      40.2,        16,
     40.25,        30,
      40.3,        34,
     40.35,        26,
      40.4,        28,
     40.45,        24,
      40.5,        35,
     40.55,        24,
      40.6,        29,
     40.65,        29,
      40.7,        23,
     40.75,        27,
      40.8,        31,
     40.85,        24,
      40.9,        16,
     40.95,        44,
        41,        19,
     41.05,        25,
      41.1,        25,
     41.15,        26,
      41.2,        29,
     41.25,        25,
      41.3,        28,
     41.35,        26,
      41.4,        25,
     41.45,        26,
      41.5,        41,
     41.55,        26,
      41.6,        27,
     41.65,        30,
      41.7,        34,
     41.75,        22,
      41.8,        25,
     41.85,        22,
      41.9,        31,
     41.95,        30,
        42,        32,
     42.05,        30,
      42.1,        37,
     42.15,        15,
      42.2,        28,
     42.25,        39,
      42.3,        33,
     42.35,        29,
      42.4,        28,
     42.45,        28,
      42.5,        22,
     42.55,        22,
      42.6,        26,
     42.65,        33,
      42.7,        18,
     42.75,        29,
      42.8,        28,
     42.85,        24,
      42.9,        35,
     42.95,        26,
        43,        31,
     43.05,        21,
      43.1,        27,
     43.15,        18,
      43.2,        38,
     43.25,        21,
      43.3,        29,
     43.35,        21,
      43.4,        28,
     43.45,        22,
      43.5,        27,
     43.55,        34,
      43.6,        17,
     43.65,        23,
      43.7,        29,
     43.75,        23,
      43.8,        24,
     43.85,        20,
      43.9,        21,
     43.95,        28,
        44,        18,
     44.05,        33,
      44.1,        23,
     44.15,        23,
      44.2,        25,
     44.25,        27,
      44.3,        34,
     44.35,        30,
      44.4,        26,
     44.45,        19,
      44.5,        25,
     44.55,        36,
      44.6,        25,
     44.65,        22,
      44.7,        20,
     44.75,        23,
      44.8,        23,
     44.85,        29,
      44.9,        24,
     44.95,        31,
        45,        20,
     45.05,        26,
      45.1,        20,
     45.15,        27,
      45.2,        22,
     45.25,        27,
      45.3,        22,
     45.35,        28,
      45.4,        28,
     45.45,        23,
      45.5,        23,
     45.55,        20,
      45.6,        27,
     45.65,        26,
      45.7,        22,
     45.75,        19,
      45.8,        18,
     45.85,        23,
      45.9,        18,
     45.95,        29,
        46,        18,
     46.05,        20,
      46.1,        26,
     46.15,        17,
      46.2,        19,
     46.25,        26,
      46.3,        23,
     46.35,        23,
      46.4,        22,
     46.45,        20,
      46.5,        23,
     46.55,        19,
      46.6,        27,
     46.65,        23,
      46.7,        25,
     46.75,        24,
      46.8,        17,
     46.85,        16,
      46.9,        20,
     46.95,        18,
        47,        19,
     47.05,        18,
      47.1,        30,
     47.15,        24,
      47.2,        19,
     47.25,        28,
      47.3,        33,
     47.35,        20,
      47.4,        27,
     47.45,        20,
      47.5,        26,
     47.55,        21,
      47.6,        17,
     47.65,        23,
      47.7,        22,
     47.75,        33,
      47.8,        55,
     47.85,        56,
      47.9,        73,
     47.95,       142,
        48,       333,
     48.05,       557,
      48.1,       555,
     48.15,       402,
      48.2,       352,
     48.25,       189,
      48.3,        79,
     48.35,        57,
      48.4,        31,
     48.45,        27,
      48.5,        26,
     48.55,        29,
      48.6,        18,
     48.65,        32,
      48.7,        32,
     48.75,        20,
      48.8,        18,
     48.85,        15,
      48.9,        26,
     48.95,        20,
        49,        19,
     49.05,        22,
      49.1,        22,
     49.15,        17,
      49.2,        21,
     49.25,        18,
      49.3,        27,
     49.35,        19,
      49.4,        15,
     49.45,        23,
      49.5,        28,
     49.55,        21,
      49.6,        17,
     49.65,        15,
      49.7,        15,
     49.75,        12,
      49.8,        12,
     49.85,        23,
      49.9,        20,
     49.95,        15,
        50,        17,
     50.05,        13,
      50.1,        29,
     50.15,        14,
      50.2,        18,
     50.25,        20,
      50.3,        23,
     50.35,        19,
      50.4,        14,
     50.45,        17,
      50.5,        14,
     50.55,        20,
      50.6,        24,
     50.65,        18,
      50.7,        13,
     50.75,        24,
      50.8,        23,
     50.85,        15,
      50.9,        17,
     50.95,        12,
        51,        22,
     51.05,        17,
      51.1,        17,
     51.15,        11,
      51.2,        17,
     51.25,        23,
      51.3,        12,
     51.35,        19,
      51.4,        20,
     51.45,        14,
      51.5,        14,
     51.55,        18,
      51.6,        16,
     51.65,        16,
      51.7,        14,
     51.75,        25,
      51.8,        18,
     51.85,        29,
      51.9,        23,
     51.95,        18,
        52,        19,
     52.05,        23,
      52.1,        11,
     52.15,        17,
      52.2,         7,
     52.25,        15,
      52.3,        15,
     52.35,        16,
      52.4,        18,
     52.45,        18,
      52.5,        21,
     52.55,        16,
      52.6,        16,
     52.65,        14,
      52.7,        25,
     52.75,        17,
      52.8,         9,
     52.85,        18,
      52.9,        29,
     52.95,        15,
        53,        20,
     53.05,        19,
      53.1,        22,
     53.15,        17,
      53.2,        18,
     53.25,        18,
      53.3,        24,
     53.35,        20,
      53.4,        22,
     53.45,        21,
      53.5,        24,
     53.55,        25,
      53.6,        25,
     53.65,        37,
      53.7,        34,
     53.75,        63,
      53.8,       124,
     53.85,       221,
      53.9,       399,
     53.95,       311,
        54,       228,
     54.05,       250,
      54.1,       145,
     54.15,        63,
      54.2,        58,
     54.25,        39,
      54.3,        36,
     54.35,        36,
      54.4,        29,
     54.45,        26,
      54.5,        27,
     54.55,        21,
      54.6,        27,
     54.65,        27,
      54.7,        26,
     54.75,        20,
      54.8,        35,
     54.85,        41,
      54.9,        40,
     54.95,        75,
        55,       143,
     55.05,       305,
      55.1,       361,
     55.15,       247,
      55.2,       229,
     55.25,       191,
      55.3,       127,
     55.35,        50,
      55.4,        42,
     55.45,        27,
      55.5,        24,
     55.55,        29,
      55.6,        18,
     55.65,        19,
      55.7,        18,
     55.75,        16,
      55.8,        23,
     55.85,        19,
      55.9,        26,
     55.95,        18,
        56,        17,
     56.05,        20,
      56.1,        19,
     56.15,        17,
      56.2,        22,
     56.25,        17,
      56.3,        16,
     56.35,        24,
      56.4,        15,
     56.45,        23,
      56.5,        13,
     56.55,        17,
      56.6,        23,
     56.65,        17,
      56.7,        21,
     56.75,        19,
      56.8,        11,
     56.85,        11,
      56.9,        13,
     56.95,        18,
        57,        18,
     57.05,        13,
      57.1,        16,
     57.15,        30,
      57.2,        10,
     57.25,         9,
      57.3,        18,
     57.35,        12,
      57.4,        14,
     57.45,        13,
      57.5,        12,
     57.55,        14,
      57.6,        13,
     57.65,        22,
      57.7,        18,
     57.75,        13,
      57.8,        14,
     57.85,        17,
      57.9,        19,
     57.95,        21,
        58,        15,
     58.05,        13,
      58.1,        15,
     58.15,         9,
      58.2,        12,
     58.25,        14,
      58.3,        17,
     58.35,         9,
      58.4,         9,
     58.45,        30,
      58.5,        12,
     58.55,        11,
      58.6,        13,
     58.65,        17,
      58.7,        14,
     58.75,        15,
      58.8,        17,
     58.85,        15,
      58.9,        14,
     58.95,        15,
        59,        16,
     59.05,        10,
      59.1,        17,
     59.15,        13,
      59.2,        12,
     59.25,        14,
      59.3,         5,
     59.35,        19,
      59.4,        21,
     59.45,        19,
      59.5,        13,
     59.55,        13,
      59.6,        10,
     59.65,        16,
      59.7,        19,
     59.75,         8,
      59.8,        10,
     59.85,        12,
      59.9,        13,
     59.95,        15,
        60,        14,
     60.05,        16,
      60.1,        22,
     60.15,        10,
      60.2,        11,
     60.25,        12,
      60.3,         9,
     60.35,        13,
      60.4,        10,
     60.45,        18,
      60.5,        11,
     60.55,        15,
      60.6,         9,
     60.65,        17,
      60.7,        14,
     60.75,        12,
      60.8,        13,
     60.85,         8,
      60.9,        14,
     60.95,        12,
        61,        17,
     61.05,        14,
      61.1,        11,
     61.15,        12,
      61.2,        18,
     61.25,        15,
      61.3,        15,
     61.35,        14,
      61.4,         7,
     61.45,        18,
      61.5,        15,
     61.55,        15,
      61.6,        19,
     61.65,        19,
      61.7,        19,
     61.75,        18,
      61.8,        17,
     61.85,        18,
      61.9,        21,
     61.95,        20,
        62,        30,
     62.05,        38,
      62.1,        60,
     62.15,        77,
      62.2,        59,
     62.25,        41,
      62.3,        46,
     62.35,        46,
      62.4,        34,
     62.45,        29,
      62.5,        34,
     62.55,        49,
      62.6,        88,
     62.65,       169,
      62.7,       256,
     62.75,       226,
      62.8,       159,
     62.85,       173,
      62.9,       156,
     62.95,       101,
        63,        53,
     63.05,        22,
      63.1,        25,
     63.15,        11,
      63.2,        16,
     63.25,        15,
      63.3,        27,
     63.35,        18,
      63.4,        17,
     63.45,        19,
      63.5,        12,
     63.55,        12,
      63.6,        19,
     63.65,         8,
      63.7,         8,
     63.75,         8,
      63.8,        12,
     63.85,        17,
      63.9,        15,
     63.95,        13,
        64,        15,
     64.05,        18,
      64.1,        13,
     64.15,        20,
      64.2,         9,
     64.25,        21,
      64.3,        16,
     64.35,         9,
      64.4,        13,
     64.45,        10,
      64.5,        13,
     64.55,         9,
      64.6,        10,
     64.65,        12,
      64.7,        18,
     64.75,        15,
      64.8,        15,
     64.85,        12,
      64.9,        10,
     64.95,        10,
        65,        15,
     65.05,        11,
      65.1,        20,
     65.15,         7,
      65.2,        14,
     65.25,        10,
      65.3,        22,
     65.35,        11,
      65.4,        12,
     65.45,        10,
      65.5,        15,
     65.55,        14,
      65.6,        19,
     65.65,        14,
      65.7,        14,
     65.75,        12,
      65.8,        13,
     65.85,        13,
      65.9,        10,
     65.95,        10,
        66,        17,
     66.05,         9,
      66.1,         8,
     66.15,        12,
      66.2,        14,
     66.25,        18,
      66.3,        17,
     66.35,        10,
      66.4,        17,
     66.45,        15,
      66.5,        14,
     66.55,         8,
      66.6,        17,
     66.65,         9,
      66.7,        12,
     66.75,         8,
      66.8,        12,
     66.85,        13,
      66.9,        11,
     66.95,        12,
        67,        20,
     67.05,        10,
      67.1,        13,
     67.15,         9,
      67.2,        12,
     67.25,        13,
      67.3,        18,
     67.35,        18,
      67.4,        17,
     67.45,        23,
      67.5,         9,
     67.55,        15,
      67.6,        19,
     67.65,         7,
      67.7,        15,
     67.75,        19,
      67.8,        16,
     67.85,         8,
      67.9,        11,
     67.95,        16,
        68,        10,
     68.05,         7,
      68.1,        14,
     68.15,        22,
      68.2,        20,
     68.25,        11,
      68.3,        17,
     68.35,        24,
      68.4,        14,
     68.45,        16,
      68.5,        19,
     68.55,        24,
      68.6,        31,
     68.65,        32,
      68.7,        49,
     68.75,        95,
      68.8,       119,
     68.85,        69,
      68.9,        68,
     68.95,        60,
        69,        59,
     69.05,        55,
      69.1,        29,
     69.15,        17,
      69.2,        22,
     69.25,        13,
      69.3,        18,
     69.35,        19,
      69.4,        13,
     69.45,        13,
      69.5,        13,
     69.55,        14,
      69.6,        10,
     69.65,         6,
      69.7,        12,
     69.75,        13,
      69.8,        14,
     69.85,        12,
      69.9,        16,
     69.95,        13,
        70,        21,
     70.05,        19,
      70.1,        27,
     70.15,        32,
      70.2,        42,
     70.25,        86,
      70.3,       110,
     70.35,       110,
      70.4,        77,
     70.45,        59,
      70.5,        73,
     70.55,        59,
      70.6,        37,
     70.65,        38,
      70.7,        23,
     70.75,        16,
      70.8,        17,
     70.85,        16,
      70.9,        20,
     70.95,        19,
        71,        14,
     71.05,        12,
      71.1,        10,
     71.15,        13,
      71.2,        14,
     71.25,        13,
      71.3,        15,
     71.35,        12,
      71.4,         8,
     71.45,         9,
      71.5,        20,
     71.55,        15,
      71.6,        13,
     71.65,        14,
      71.7,        11,
     71.75,        11,
      71.8,         7,
     71.85,        12,
      71.9,        25,
     71.95,        14,
        72,         7,
     72.05,         7,
      72.1,        13,
     72.15,        10,
      72.2,        15,
     72.25,        13,
      72.3,        14,
     72.35,        12,
      72.4,         9,
     72.45,         5,
      72.5,         8,
     72.55,        16,
      72.6,        13,
     72.65,        10,
      72.7,        18,
     72.75,        11,
      72.8,         9,
     72.85,        13,
      72.9,        17,
     72.95,        15,
        73,        14,
     73.05,         9,
      73.1,        18,
     73.15,        13,
      73.2,        14,
     73.25,        16,
      73.3,        14,
     73.35,        17,
      73.4,        16,
     73.45,        15,
      73.5,        12,
     73.55,        13,
      73.6,        16,
     73.65,        12,
      73.7,        14,
     73.75,        11,
      73.8,        16,
     73.85,        16,
      73.9,        16,
     73.95,        14,
        74,        16,
     74.05,        20,
      74.1,        19,
     74.15,        21,
      74.2,        25,
     74.25,        17,
      74.3,        19,
     74.35,        17,
      74.4,        14,
     74.45,        13,
      74.5,        13,
     74.55,        22,
      74.6,        22,
     74.65,        12,
      74.7,        25,
     74.75,        25,
      74.8,        16,
     74.85,        29,
      74.9,        35,
     74.95,        52,
        75,       104,
     75.05,       153,
      75.1,       167,
     75.15,       124,
      75.2,        88,
     75.25,       108,
      75.3,        89,
     75.35,        75,
      75.4,        45,
     75.45,        34,
      75.5,        22,
     75.55,        21,
      75.6,        12,
     75.65,        15,
      75.7,        23,
     75.75,        12,
      75.8,        16,
     75.85,        20,
      75.9,        20,
     75.95,        28,
        76,        39,
     76.05,        62,
      76.1,        64,
     76.15,        34,
      76.2,        27,
     76.25,        43,
      76.3,        42,
     76.35,        16,
      76.4,        19,
     76.45,        22,
      76.5,        13,
     76.55,        14,
      76.6,        20,
     76.65,        12,
      76.7,        20,
     76.75,        12,
      76.8,         8,
     76.85,        16,
      76.9,        11,
     76.95,        17,
        77,        11,
     77.05,        15,
      77.1,        13,
     77.15,        19,
      77.2,        17,
     77.25,         7,
      77.3,        12,
     77.35,        15,
      77.4,         8,
     77.45,        16,
      77.5,         9,
     77.55,        14,
      77.6,        10,
     77.65,        15,
      77.7,        15,
     77.75,        16,
      77.8,         9,
     77.85,         5,
      77.9,        13,
     77.95,        15,
        78,        14,
     78.05,        14,
      78.1,        12,
     78.15,        11,
      78.2,        12,
     78.25,        13,
      78.3,        12,
     78.35,         9,
      78.4,        10,
     78.45,        18,
      78.5,        12,
     78.55,        10,
      78.6,        13,
     78.65,        11,
      78.7,        14,
     78.75,        13,
      78.8,         9,
     78.85,        16,
      78.9,         5,
     78.95,        11,
        79,        11,
     79.05,        12,
      79.1,        18,
     79.15,        11,
      79.2,        15,
     79.25,        15,
      79.3,        10,
     79.35,        14,
      79.4,        12,
     79.45,        10,
      79.5,        11,
     79.55,        14,
      79.6,        13,
     79.65,        13,
      79.7,        16,
     79.75,         7,
      79.8,        14,
     79.85,         9,
      79.9,        10,
     79.95,        14,
        80,        15,
     80.05,        14,
      80.1,        14,
     80.15,        13,
      80.2,         6,
     80.25,         8,
      80.3,        12,
     80.35,        18,
      80.4,        17,
     80.45,        15,
      80.5,         9,
     80.55,        12,
      80.6,        14,
     80.65,        12,
      80.7,        22,
     80.75,        19,
      80.8,        29,
     80.85,        18,
      80.9,        16,
     80.95,        13,
        81,        14,
     81.05,        20,
      81.1,        14,
     81.15,        13,
      81.2,        15,
     81.25,        15,
      81.3,        11,
     81.35,        17,
      81.4,        16,
     81.45,        13,
      81.5,        10,
     81.55,        16,
      81.6,        11,
     81.65,        13,
      81.7,        15,
     81.75,        11,
      81.8,        13,
     81.85,        19,
      81.9,        14,
     81.95,        11,
        82,         9,
     82.05,        19,
      82.1,        21,
     82.15,        22,
      82.2,        23,
     82.25,        25,
      82.3,        19,
     82.35,        24,
      82.4,        23,
     82.45,        20,
      82.5,        14,
     82.55,        36,
      82.6,        44,
     82.65,        82,
      82.7,        78,
     82.75,        81,
      82.8,        56,
     82.85,        41,
      82.9,        37,
     82.95,        59,
        83,        40,
     83.05,        38,
      83.1,        37,
     83.15,        50,
      83.2,        57,
     83.25,        44,
      83.3,        25,
     83.35,        26,
      83.4,        25,
     83.45,        30,
      83.5,        22,
     83.55,        18,
      83.6,        12,
     83.65,        10,
      83.7,        15,
     83.75,        14,
      83.8,         7,
     83.85,        15,
      83.9,        16,
     83.95,         7,
        84,        16,
     84.05,        11,
      84.1,        13,
     84.15,         8,
      84.2,        13,
     84.25,        14,
      84.3,        11,
     84.35,        13,
      84.4,        10,
     84.45,        14,
      84.5,        12,
     84.55,        13,
      84.6,        14,
     84.65,        12,
      84.7,         8,
     84.75,         5,
      84.8,        19,
     84.85,        11,
      84.9,         6,
     84.95,        11,
        85,        15,
     85.05,         5,
      85.1,        19,
     85.15,        17,
      85.2,         6,
     85.25,        11,
      85.3,         6,
     85.35,        12,
      85.4,        19,
     85.45,        17,
      85.5,         7,
     85.55,         9,
      85.6,        20,
     85.65,        10,
      85.7,        12,
     85.75,        11,
      85.8,        11,
     85.85,         9,
      85.9,         9,
     85.95,         9,
        86,        12,
     86.05,         7,
      86.1,         8,
     86.15,         9,
      86.2,         6,
     86.25,        15,
      86.3,         7,
     86.35,        13,
      86.4,         9,
     86.45,        13,
      86.5,         8,
     86.55,        12,
      86.6,        11,
     86.65,        20,
      86.7,        12,
     86.75,        15,
      86.8,        16,
     86.85,        10,
      86.9,        10,
     86.95,         8,
        87,        15,
     87.05,         6,
      87.1,        12,
     87.15,         7,
      87.2,        15,
     87.25,         9,
      87.3,        12,
     87.35,         9,
      87.4,        17,
     87.45,         7,
      87.5,        15,
     87.55,        19,
      87.6,        15,
     87.65,        13,
      87.7,        10,
     87.75,         4,
      87.8,        16,
     87.85,        13,
      87.9,        13,
     87.95,        11,
        88,         9,
     88.05,        11,
      88.1,        10,
     88.15,        14,
      88.2,        10,
     88.25,        14,
      88.3,        15,
     88.35,        16,
      88.4,        14,
     88.45,        10,
      88.5,        15,
     88.55,        11,
      88.6,        15,
     88.65,        18,
      88.7,        11,
     88.75,        11,
      88.8,         8,
     88.85,         7,
      88.9,         8,
     88.95,         8,
        89,         9,
     89.05,        17,
      89.1,         9,
     89.15,        13,
      89.2,        11,
     89.25,        17,
      89.3,         6,
     89.35,        12,
      89.4,        10,
     89.45,        15,
      89.5,        11,
     89.55,         9,
      89.6,        13,
     89.65,        13,
      89.7,        14,
     89.75,        14,
      89.8,        12,
     89.85,        11,
      89.9,        10,
     89.95,         7,
        90,        15,
     90.05,         8,
      90.1,        12,
     90.15,        12,
      90.2,        10,
     90.25,        12,
      90.3,        13,
     90.35,         8,
      90.4,        10,
     90.45,        10,
      90.5,         6,
     90.55,        10,
      90.6,         9,
     90.65,         3,
      90.7,         8,
     90.75,        10,
      90.8,        12,
     90.85,        13,
      90.9,        10,
     90.95,         9,
        91,        13,
     91.05,        16,
      91.1,         7,
     91.15,        11,
      91.2,         7,
     91.25,        18,
      91.3,        12,
     91.35,         7,
      91.4,        16,
     91.45,        18,
      91.5,        14,
     91.55,         9,
      91.6,        11,
     91.65,         5,
      91.7,        11,
     91.75,        15,
      91.8,        14,
     91.85,        10,
      91.9,        14,
     91.95,        17,
        92,         9,
     92.05,         8,
      92.1,         8,
     92.15,        13,
      92.2,         9,
     92.25,        15,
      92.3,         5,
     92.35,        12,
      92.4,        13,
     92.45,         9,
      92.5,         8,
     92.55,        12,
      92.6,        12,
     92.65,        14,
      92.7,         7,
     92.75,        12,
      92.8,        11,
     92.85,         8,
      92.9,        14,
     92.95,        12,
        93,        14,
     93.05,        23,
      93.1,        15,
     93.15,        18,
      93.2,        18,
     93.25,        20,
      93.3,        21,
     93.35,        14,
      93.4,        15,
     93.45,        19,
      93.5,        17,
     93.55,        15,
      93.6,        20,
     93.65,        10,
      93.7,        16,
     93.75,         9,
      93.8,         7,
     93.85,        13,
      93.9,        12,
     93.95,        15,
        94,        14,
     94.05,        14,
      94.1,        19,
     94.15,        25,
      94.2,        44,
     94.25,        54,
      94.3,        43,
     94.35,        27,
      94.4,        31,
     94.45,        21,
      94.5,        31,
     94.55,        35,
      94.6,        26,
     94.65,        22,
      94.7,        20,
     94.75,        10,
      94.8,        18,
     94.85,        16,
      94.9,        19,
     94.95,        13,
        95,        12,
